出現時間（ミリ秒）,スプライト名,ＨＰ,出現座標（Ｘ）,出現座標（Ｙ）,移動パターン（０〜７）,移動量（Ｘ）,移動量（Ｙ）,ショットパターン（0〜4）,弾速,発射間隔(ミリ秒),持ち点
3000,FixedBattery,3,555,-50,0,0.2,0.1,1,0.1,500,100
1000,FixedBattery,3,555,-50,0,0.2,0.1,1,0.1,500,100
1000,FixedBattery,3,555,-50,0,0.2,0.1,1,0.1,500,100
2000,Enemy,3,20,-50,0,0.2,0.15,0,0.3,500,100
1000,Enemy,3,20,-50,0,0.2,0.15,0,0.3,500,100
1000,Enemy,3,20,-50,0,0.2,0.15,0,0.3,500,100
3000,Enemy,3,555,-50,6,0,0.15,0,0.3,500,100
1000,Enemy,3,555,-50,6,0,0.15,0,0.3,500,100
1000,Enemy,3,555,-50,6,0,0.15,0,0.3,500,100
2000,Enemy,3,20,-50,7,0,0.15,0,0.3,500,100
1000,Enemy,3,20,-50,7,0,0.15,0,0.3,500,100
1000,Enemy,3,20,-50,7,0,0.15,0,0.3,500,100
3000,Enemy,3,555,-50,4,0.1,0.15,0,0.3,500,100
1000,Enemy,3,555,-50,4,0.1,0.15,0,0.3,500,100
1000,Enemy,3,555,-50,4,0.1,0.15,0,0.3,500,100
2000,Enemy,3,20,-50,5,0.1,0.15,0,0.3,500,100
1000,Enemy,3,20,-50,5,0.1,0.15,0,0.3,500,100
1000,Enemy,3,20,-50,5,0.1,0.15,0,0.3,500,100
3000,Enemy,5,20,-50,3,0.1,0.15,2,0.2,750,100
1000,Enemy,3,341,-50,1,0.1,0.15,0,0.2,500,100
1000,Enemy,3,341,-50,1,0.1,0.15,0,0.2,500,100
1000,Enemy,3,341,-50,1,0.1,0.15,0,0.2,500,100
3000,Enemy,10,555,-50,3,0.1,0.15,2,0.2,250,100
4000,Enemy,3,341,-50,2,0.1,0.15,0,0.2,500,100
1000,Enemy,3,341,-50,2,0.1,0.15,0,0.2,500,100
1000,Enemy,3,341,-50,2,0.1,0.15,0,0.2,500,100
